mH2O Total Macroscopic Cross-Section
Energy(eV) XS(b)
1e-05 8.13791e+25
1.03125e-05 8.01365e+25
1.0625e-05 7.89499e+25
1.09375e-05 7.7814e+25
1.125e-05 7.67266e+25
1.15625e-05 7.5683e+25
1.1875e-05 7.46804e+25
1.21875e-05 7.37175e+25
1.25e-05 7.27908e+25
1.28125e-05 7.18977e+25
1.3125e-05 7.10373e+25
1.34375e-05 7.02064e+25
1.375e-05 6.94042e+25
1.4375e-05 6.78797e+25
1.5e-05 6.64512e+25
1.54625e-05 6.5458e+25
1.5625e-05 6.51094e+25
1.59249e-05 6.45027e+25
1.625e-05 6.38456e+25
1.63874e-05 6.35832e+25
1.68498e-05 6.27008e+25
1.6875e-05 6.26527e+25
1.69531e-05 6.25117e+25
1.70313e-05 6.23704e+25
1.71875e-05 6.20884e+25
1.75e-05 6.15244e+25
1.8125e-05 6.0455e+25
1.875e-05 5.94395e+25
1.9375e-05 5.84736e+25
2e-05 5.75533e+25
2.08306e-05 5.63993e+25
2.09375e-05 5.6251e+25
2.16611e-05 5.53109e+25
2.1875e-05 5.50333e+25
2.24917e-05 5.42819e+25
2.28125e-05 5.38915e+25
2.33222e-05 5.33075e+25
2.375e-05 5.2818e+25
2.41528e-05 5.2383e+25
2.46875e-05 5.18062e+25
2.49833e-05 5.15044e+25
2.5625e-05 5.08505e+25
2.58139e-05 5.06681e+25
2.65625e-05 4.99459e+25
2.66444e-05 4.98708e+25
2.75e-05 4.90878e+25
2.84375e-05 4.82727e+25
2.9375e-05 4.74969e+25
3.03125e-05 4.67574e+25
3.125e-05 4.60514e+25
3.21875e-05 4.53765e+25
3.3125e-05 4.47305e+25
3.40625e-05 4.41114e+25
3.5e-05 4.35173e+25
3.59375e-05 4.29466e+25
3.625e-05 4.27636e+25
3.6875e-05 4.2398e+25
3.75e-05 4.20457e+25
3.78125e-05 4.18697e+25
3.875e-05 4.13607e+25
3.96875e-05 4.087e+25
4e-05 4.0712e+25
4.0625e-05 4.03963e+25
4.125e-05 4.00961e+25
4.25e-05 3.94963e+25
4.4375e-05 3.86541e+25
4.625e-05 3.78637e+25
4.8125e-05 3.712e+25
5e-05 3.64185e+25
5.15625e-05 3.58634e+25
5.3125e-05 3.5333e+25
5.46875e-05 3.48255e+25
5.625e-05 3.43393e+25
5.78125e-05 3.3873e+25
5.9375e-05 3.34252e+25
6.09375e-05 3.29948e+25
6.25e-05 3.25806e+25
6.40625e-05 3.21817e+25
6.5625e-05 3.17971e+25
6.71875e-05 3.14262e+25
6.875e-05 3.10677e+25
7.1875e-05 3.03864e+25
7.5e-05 2.97482e+25
7.75e-05 2.92685e+25
7.8125e-05 2.91488e+25
8e-05 2.88099e+25
8.125e-05 2.85842e+25
8.375e-05 2.81578e+25
8.4375e-05 2.80514e+25
8.75e-05 2.75473e+25
9.0625e-05 2.70696e+25
9.375e-05 2.6616e+25
9.6875e-05 2.61846e+25
0.0001 2.57736e+25
0.000103125 2.53814e+25
0.00010625 2.50067e+25
0.000109375 2.46482e+25
0.0001125 2.43047e+25
0.000115625 2.39753e+25
0.00011875 2.36589e+25
0.000121875 2.33549e+25
0.000125 2.30623e+25
0.000128125 2.27806e+25
0.00013125 2.25089e+25
0.000134375 2.22469e+25
0.0001375 2.19937e+25
0.00014375 2.15125e+25
0.00015 2.10618e+25
0.000154625 2.07485e+25
0.00015625 2.06385e+25
0.000159249 2.04471e+25
0.0001625 2.02399e+25
0.000163874 2.01571e+25
0.000168498 1.98787e+25
0.00016875 1.98635e+25
0.000169531 1.9819e+25
0.000170313 1.97745e+25
0.000171875 1.96855e+25
0.000175 1.95077e+25
0.00018125 1.91704e+25
0.0001875 1.88502e+25
0.00019375 1.85456e+25
0.0002 1.82554e+25
0.000208306 1.78916e+25
0.000209375 1.78449e+25
0.000216611 1.75486e+25
0.00021875 1.74611e+25
0.000224917 1.72243e+25
0.000228125 1.71012e+25
0.000233222 1.69172e+25
0.0002375 1.67629e+25
0.000241528 1.66259e+25
0.000246875 1.64442e+25
0.000249833 1.63491e+25
0.00025625 1.61431e+25
0.000258139 1.60856e+25
0.000265625 1.58581e+25
0.000266444 1.58345e+25
0.000275 1.55879e+25
0.000284375 1.53312e+25
0.00029375 1.5087e+25
0.000303125 1.48542e+25
0.0003125 1.46319e+25
0.000321875 1.44195e+25
0.00033125 1.42162e+25
0.000340625 1.40214e+25
0.00035 1.38345e+25
0.000359375 1.36551e+25
0.0003625 1.35975e+25
0.00036875 1.34825e+25
0.000375 1.33717e+25
0.000378125 1.33163e+25
0.0003875 1.31563e+25
0.000396875 1.30021e+25
0.0004 1.29524e+25
0.00040625 1.28532e+25
0.0004125 1.27588e+25
0.000425 1.25703e+25
0.00044375 1.23057e+25
0.0004625 1.20575e+25
0.00048125 1.18239e+25
0.0005 1.16037e+25
0.000515625 1.14295e+25
0.00053125 1.12631e+25
0.000546875 1.11039e+25
0.0005625 1.09514e+25
0.000578125 1.08052e+25
0.00059375 1.06648e+25
0.000609375 1.05299e+25
0.000625 1.04001e+25
0.000640625 1.02752e+25
0.00065625 1.01547e+25
0.000671875 1.00385e+25
0.0006875 9.92627e+24
0.00071875 9.71305e+24
0.00075 9.51342e+24
0.000775 9.36343e+24
0.00078125 9.32597e+24
0.0008 9.22009e+24
0.0008125 9.14958e+24
0.0008375 9.01634e+24
0.00084375 8.98307e+24
0.000875 8.82571e+24
0.00090625 8.67656e+24
0.0009375 8.53506e+24
0.00096875 8.40052e+24
0.001 8.2724e+24
0.00103125 8.15022e+24
0.0010625 8.03351e+24
0.00109375 7.92191e+24
0.001125 7.81503e+24
0.00115625 7.71252e+24
0.0011875 7.61417e+24
0.00121875 7.51974e+24
0.00125 7.42879e+24
0.00128125 7.34133e+24
0.0013125 7.25701e+24
0.00134375 7.17568e+24
0.001375 7.09716e+24
0.0014375 6.94809e+24
0.0015 6.80849e+24
0.00154624 6.71156e+24
0.0015625 6.67751e+24
0.00159248 6.61836e+24
0.001625 6.55429e+24
0.00168495 6.44277e+24
0.0016875 6.43803e+24
0.00169531 6.4243e+24
0.00170313 6.41055e+24
0.00171875 6.3831e+24
0.00175 6.3282e+24
0.0018125 6.22419e+24
0.001875 6.12552e+24
0.0019375 6.03174e+24
0.002 5.94248e+24
0.00208305 5.8307e+24
0.00209375 5.81631e+24
0.00216611 5.72536e+24
0.0021875 5.6985e+24
0.00224916 5.62591e+24
0.00228125 5.58818e+24
0.00233221 5.53184e+24
0.002375 5.48459e+24
0.00241526 5.4427e+24
0.00246875 5.3871e+24
0.00249831 5.35807e+24
0.0025625 5.29512e+24
0.00258137 5.2776e+24
0.00265625 5.20817e+24
0.00266442 5.20098e+24
0.00275 5.12582e+24
0.00284375 5.04767e+24
0.0029375 4.9734e+24
0.00303125 4.90272e+24
0.003125 4.83528e+24
0.00321875 4.77095e+24
0.0033125 4.70939e+24
0.00340625 4.65052e+24
0.0035 4.59406e+24
0.00359375 4.53991e+24
0.003625 4.52257e+24
0.0036875 4.48792e+24
0.00375 4.45457e+24
0.00378125 4.43792e+24
0.003875 4.38983e+24
0.00396875 4.34348e+24
0.004 4.32858e+24
0.0040625 4.29883e+24
0.00425 4.21411e+24
0.0044375 4.13504e+24
0.004625 4.06102e+24
0.0048125 3.99152e+24
0.005 3.92614e+24
0.00515625 3.87454e+24
0.0053125 3.82529e+24
0.00546875 3.7783e+24
0.005625 3.73334e+24
0.00578125 3.69033e+24
0.0059375 3.64908e+24
0.00609375 3.60954e+24
0.00625 3.57154e+24
0.00640625 3.53502e+24
0.0065625 3.49988e+24
0.00671875 3.46605e+24
0.006875 3.43342e+24
0.0071875 3.37161e+24
0.0075 3.31389e+24
0.0078125 3.25991e+24
0.008 3.22949e+24
0.008125 3.20925e+24
0.0084375 3.16162e+24
0.00875 3.11671e+24
0.0090625 3.07434e+24
0.009375 3.03422e+24
0.0096875 2.99623e+24
0.01 2.96015e+24
0.0103125 2.92586e+24
0.010625 2.8932e+24
0.0109375 2.86208e+24
0.01125 2.83236e+24
0.0115625 2.80398e+24
0.011875 2.77682e+24
0.0121875 2.75078e+24
0.0125 2.72581e+24
0.0128125 2.70187e+24
0.013125 2.67887e+24
0.0134375 2.65674e+24
0.01375 2.63544e+24
0.014375 2.59518e+24
0.015 2.5577e+24
0.015625 2.52278e+24
0.01625 2.49008e+24
0.0168495 2.46066e+24
0.016875 2.45941e+24
0.0169531 2.45581e+24
0.0170313 2.45221e+24
0.0171875 2.44501e+24
0.0175 2.43062e+24
0.018125 2.40351e+24
0.01875 2.37793e+24
0.019375 2.35376e+24
0.02 2.33088e+24
0.0206625 2.30794e+24
0.021325 2.28621e+24
0.0219875 2.26561e+24
0.02265 2.24604e+24
0.0233125 2.22746e+24
0.023975 2.20976e+24
0.0246375 2.19289e+24
0.0253 2.17678e+24
0.0264578 2.15036e+24
0.0276156 2.12588e+24
0.0280016 2.11829e+24
0.0287734 2.10314e+24
0.0299313 2.08197e+24
0.0307031 2.06879e+24
0.0310891 2.0622e+24
0.0322469 2.04372e+24
0.0334047 2.02637e+24
0.0345625 2.01009e+24
0.0355274 1.99724e+24
0.0361063 1.9899e+24
0.0364922 1.98501e+24
0.037457 1.97336e+24
0.0384219 1.96224e+24
0.0393867 1.95161e+24
0.0395797 1.94958e+24
0.0403516 1.94146e+24
0.0413164 1.93173e+24
0.0422813 1.92242e+24
0.0430531 1.91541e+24
0.0442109 1.90492e+24
0.0461406 1.88878e+24
0.0465266 1.88579e+24
0.0480703 1.87384e+24
0.05 1.85998e+24
0.0506 1.85595e+24
0.0515625 1.84948e+24
0.0527899 1.84168e+24
0.053125 1.83955e+24
0.0546875 1.83016e+24
0.0549798 1.8285e+24
0.05625 1.82126e+24
0.0578125 1.81282e+24
0.0593595 1.80489e+24
0.059375 1.80481e+24
0.0594238 1.80457e+24
0.0594727 1.80433e+24
0.0595703 1.80385e+24
0.0597656 1.8029e+24
0.0601563 1.80099e+24
0.0609375 1.79717e+24
0.0625 1.78991e+24
0.0640625 1.78299e+24
0.065625 1.77638e+24
0.0671875 1.77006e+24
0.06875 1.76402e+24
0.071875 1.75271e+24
0.075 1.74229e+24
0.078125 1.7327e+24
0.08125 1.72381e+24
0.084375 1.71556e+24
0.0844963 1.71527e+24
0.0848718 1.71435e+24
0.0852472 1.71342e+24
0.0859982 1.71158e+24
0.0875 1.70789e+24
0.090625 1.70074e+24
0.09375 1.69405e+24
0.096875 1.68779e+24
0.1 1.68191e+24
0.103125 1.67638e+24
0.10625 1.67117e+24
0.109375 1.66625e+24
0.1125 1.6616e+24
0.115625 1.6572e+24
0.11875 1.65302e+24
0.121875 1.64906e+24
0.125 1.64529e+24
0.128125 1.64171e+24
0.13125 1.63829e+24
0.134375 1.63503e+24
0.1375 1.63192e+24
0.14375 1.62609e+24
0.15 1.62074e+24
0.15625 1.61582e+24
0.1625 1.61128e+24
0.168495 1.60723e+24
0.16875 1.60706e+24
0.169531 1.60657e+24
0.170313 1.60608e+24
0.171875 1.6051e+24
0.175 1.60314e+24
0.18125 1.59949e+24
0.1875 1.59608e+24
0.19375 1.59289e+24
0.2 1.5899e+24
0.209375 1.58574e+24
0.21661 1.5828e+24
0.21875 1.58193e+24
0.228125 1.57843e+24
0.233221 1.57668e+24
0.2375 1.57521e+24
0.246875 1.57223e+24
0.25625 1.56947e+24
0.265625 1.56689e+24
0.266441 1.56668e+24
0.275 1.56449e+24
0.284375 1.56224e+24
0.29375 1.56015e+24
0.303125 1.55817e+24
0.3125 1.55631e+24
0.321875 1.55457e+24
0.33125 1.55291e+24
0.340625 1.55135e+24
0.35 1.54987e+24
0.359375 1.54846e+24
0.36875 1.54713e+24
0.378125 1.54586e+24
0.3875 1.54466e+24
0.396875 1.54351e+24
0.4 1.54314e+24
0.40625 1.54241e+24
0.425 1.54035e+24
0.44375 1.53847e+24
0.4625 1.53673e+24
0.5 1.53365e+24
0.53125 1.53141e+24
0.5625 1.52941e+24
0.59375 1.52762e+24
0.625 1.52601e+24
0.6875 1.52321e+24
0.75 1.52088e+24
0.8 1.51929e+24
0.8125 1.5189e+24
0.875 1.51719e+24
0.9375 1.51571e+24
1 1.5144e+24
1.0625 1.51325e+24
1.125 1.51222e+24
1.1875 1.5113e+24
1.25 1.51047e+24
1.375 1.50903e+24
1.5 1.50782e+24
1.625 1.5068e+24
1.68495 1.50637e+24
1.6875 1.50636e+24
1.75 1.50591e+24
1.875 1.50515e+24
2 1.50447e+24
2.1875 1.5036e+24
2.375 1.50286e+24
2.5625 1.50222e+24
2.66441 1.50192e+24
2.75 1.50167e+24
2.9375 1.50119e+24
3.125 1.50076e+24
3.3125 1.50038e+24
3.5 1.50003e+24
3.875 1.49945e+24
4 1.49928e+24
4.25 1.49896e+24
4.625 1.49854e+24
5 1.49819e+24
5.3125 1.49793e+24
5.625 1.49769e+24
5.9375 1.49749e+24
6.25 1.4973e+24
6.875 1.49697e+24
7.5 1.49669e+24
8 1.4965e+24
8.125 1.49645e+24
8.75 1.49624e+24
9.375 1.49606e+24
10 1.4959e+24
10.625 1.49576e+24
11.25 1.49563e+24
11.875 1.49551e+24
12.5 1.4954e+24
13.75 1.49522e+24
15 1.49505e+24
16.25 1.49492e+24
16.8495 1.49486e+24
16.875 1.49486e+24
17.5 1.4948e+24
18.75 1.49469e+24
20 1.49459e+24
21.875 1.49446e+24
23.75 1.49436e+24
25.625 1.49426e+24
27.5 1.49417e+24
29.375 1.49409e+24
31.25 1.49401e+24
33.125 1.49395e+24
35 1.49389e+24
38.75 1.49377e+24
40 1.49374e+24
42.5 1.49367e+24
46.25 1.49358e+24
50 1.4935e+24
53.125 1.49344e+24
56.25 1.49338e+24
59.375 1.49331e+24
62.5 1.49326e+24
68.75 1.49315e+24
75 1.49306e+24
81.25 1.49297e+24
87.5 1.49288e+24
93.75 1.4928e+24
100 1.49272e+24
106.25 1.49264e+24
112.5 1.49257e+24
118.75 1.49249e+24
125 1.49242e+24
137.5 1.49228e+24
150 1.49214e+24
162.5 1.49201e+24
175 1.49187e+24
187.5 1.49175e+24
200 1.49162e+24
218.75 1.49144e+24
237.5 1.49125e+24
256.25 1.49107e+24
275 1.49088e+24
293.75 1.4907e+24
300 1.49064e+24
312.5 1.49053e+24
331.25 1.49034e+24
350 1.49017e+24
387.5 1.48981e+24
425 1.48946e+24
462.5 1.48912e+24
500 1.48877e+24
531.25 1.48848e+24
562.5 1.48819e+24
593.75 1.48791e+24
625 1.48762e+24
687.5 1.48706e+24
700 1.48694e+24
750 1.48648e+24
812.5 1.48592e+24
875 1.48535e+24
900 1.48512e+24
937.5 1.48478e+24
1000 1.48422e+24
1062.5 1.48366e+24
1100 1.48332e+24
1125 1.4831e+24
1187.5 1.48254e+24
1250 1.48199e+24
1375 1.48087e+24
1500 1.47975e+24
1625 1.47864e+24
1750 1.47753e+24
1875 1.47642e+24
2000 1.4753e+24
2125 1.47421e+24
2250 1.47311e+24
2375 1.47201e+24
2500 1.47092e+24
2750 1.46873e+24
3000 1.46654e+24
3250 1.46438e+24
3500 1.46223e+24
3750 1.46007e+24
4000 1.45791e+24
4250 1.45579e+24
4500 1.45366e+24
4750 1.45154e+24
5000 1.44941e+24
5250 1.44732e+24
5500 1.44523e+24
5750 1.44313e+24
6000 1.44104e+24
6250 1.43897e+24
6500 1.43691e+24
6750 1.43484e+24
7000 1.43278e+24
7500 1.42871e+24
8000 1.42464e+24
8500 1.42063e+24
8750 1.41862e+24
9000 1.41661e+24
9500 1.41266e+24
10000 1.4087e+24
10500 1.40482e+24
11000 1.40095e+24
11500 1.39707e+24
12000 1.3932e+24
12500 1.38943e+24
13000 1.38565e+24
13500 1.38188e+24
14000 1.37811e+24
15000 1.37077e+24
16000 1.36343e+24
17000 1.35628e+24
17500 1.3527e+24
18000 1.34913e+24
19000 1.34216e+24
20000 1.3352e+24
21000 1.32841e+24
22000 1.32163e+24
22500 1.31832e+24
23000 1.31501e+24
24000 1.3084e+24
25000 1.30194e+24
26000 1.2955e+24
27000 1.2892e+24
27500 1.28606e+24
28000 1.28291e+24
30000 1.27063e+24
32500 1.25591e+24
35000 1.24119e+24
37500 1.22731e+24
40000 1.21343e+24
42500 1.20032e+24
45000 1.18721e+24
47500 1.1748e+24
50000 1.1624e+24
52500 1.15063e+24
55000 1.13888e+24
57500 1.12772e+24
60000 1.11656e+24
62500 1.10595e+24
65000 1.09534e+24
67500 1.08525e+24
70000 1.07515e+24
75000 1.05592e+24
80000 1.03756e+24
85000 1.02003e+24
90000 1.00326e+24
95000 9.87216e+23
100000 9.71842e+23
105000 9.57387e+23
110000 9.42946e+23
115000 9.29594e+23
120000 9.16256e+23
125000 9.03903e+23
130000 8.91557e+23
135000 8.80072e+23
140000 8.68595e+23
150000 8.47234e+23
160000 8.27264e+23
170000 8.08598e+23
180000 7.91074e+23
190000 7.74638e+23
200000 7.59143e+23
210000 7.4497e+23
220000 7.30808e+23
230000 7.18186e+23
240000 7.05576e+23
250000 6.94337e+23
260000 6.83109e+23
270000 6.73161e+23
280000 6.63223e+23
300000 6.45939e+23
320000 6.31614e+23
340000 6.21309e+23
360000 6.17853e+23
370000 6.23615e+23
380000 6.29404e+23
390000 6.47787e+23
395000 6.62725e+23
400000 6.8338e+23
405000 7.11954e+23
410000 7.50586e+23
415000 8.01224e+23
420000 8.63147e+23
425000 9.28718e+23
430000 9.7919e+23
434000 9.93293e+23
435000 9.92172e+23
440000 9.60618e+23
445000 9.00472e+23
450000 8.33316e+23
455000 7.72588e+23
460000 7.22581e+23
465000 6.83038e+23
470000 6.51922e+23
475000 6.27275e+23
480000 6.07494e+23
490000 5.82411e+23
500000 5.57367e+23
520000 5.2979e+23
525000 5.25058e+23
540000 5.10868e+23
550000 5.03427e+23
560000 4.96492e+23
575000 4.87689e+23
580000 4.84756e+23
600000 4.74268e+23
620000 4.65374e+23
625000 4.63282e+23
640000 4.57011e+23
650000 4.5302e+23
660000 4.49364e+23
675000 4.441e+23
680000 4.42346e+23
700000 4.35578e+23
720000 4.29594e+23
740000 4.23836e+23
750000 4.21083e+23
760000 4.18565e+23
780000 4.13833e+23
800000 4.09494e+23
810000 4.07716e+23
820000 4.06101e+23
830000 4.04683e+23
840000 4.03509e+23
850000 4.02638e+23
860000 4.02323e+23
870000 4.02499e+23
880000 4.03312e+23
890000 4.0496e+23
900000 4.07716e+23
910000 4.12102e+23
920000 4.18481e+23
930000 4.27532e+23
940000 4.40105e+23
950000 4.57094e+23
960000 4.79142e+23
970000 5.05239e+23
980000 5.31579e+23
990000 5.50892e+23
1e+06 5.55738e+23
1.01e+06 5.4459e+23
1.02e+06 5.22457e+23
1.03e+06 4.96618e+23
1.04e+06 4.71998e+23
1.05e+06 4.50647e+23
1.06e+06 4.32873e+23
1.07e+06 4.1827e+23
1.08e+06 4.06253e+23
1.09e+06 3.96276e+23
1.1e+06 3.87887e+23
1.11e+06 3.80916e+23
1.12e+06 3.74918e+23
1.13e+06 3.69692e+23
1.14e+06 3.65089e+23
1.15e+06 3.60997e+23
1.16e+06 3.57332e+23
1.17e+06 3.54038e+23
1.18e+06 3.51077e+23
1.19e+06 3.48429e+23
1.2e+06 3.46097e+23
1.21e+06 3.44252e+23
1.22e+06 3.42816e+23
1.23e+06 3.4191e+23
1.24e+06 3.41756e+23
1.25e+06 3.42753e+23
1.255e+06 3.43898e+23
1.26e+06 3.45659e+23
1.265e+06 3.48245e+23
1.27e+06 3.51956e+23
1.275e+06 3.5722e+23
1.28e+06 3.64638e+23
1.285e+06 3.75017e+23
1.29e+06 3.89311e+23
1.295e+06 4.08232e+23
1.3e+06 4.31125e+23
1.305e+06 4.5399e+23
1.307e+06 4.61343e+23
1.309e+06 4.66758e+23
1.31e+06 4.68248e+23
1.311e+06 4.69738e+23
1.313e+06 4.70014e+23
1.315e+06 4.676e+23
1.317e+06 4.62786e+23
1.319e+06 4.56062e+23
1.32e+06 4.52033e+23
1.321e+06 4.48005e+23
1.325e+06 4.30078e+23
1.33e+06 4.08253e+23
1.335e+06 3.89727e+23
1.34e+06 3.7495e+23
1.345e+06 3.63385e+23
1.35e+06 3.54315e+23
1.36e+06 3.4131e+23
1.37e+06 3.32561e+23
1.38e+06 3.26256e+23
1.39e+06 3.21426e+23
1.4e+06 3.17533e+23
1.41e+06 3.14358e+23
1.42e+06 3.11612e+23
1.43e+06 3.09172e+23
1.44e+06 3.06958e+23
1.45e+06 3.04914e+23
1.46e+06 3.03002e+23
1.47e+06 3.01193e+23
1.48e+06 2.99467e+23
1.49e+06 2.97809e+23
1.5e+06 2.96207e+23
1.51e+06 2.94732e+23
1.52e+06 2.93297e+23
1.53e+06 2.91897e+23
1.54e+06 2.90528e+23
1.55e+06 2.89187e+23
1.56e+06 2.87873e+23
1.57e+06 2.86585e+23
1.58e+06 2.85326e+23
1.59e+06 2.84105e+23
1.6e+06 2.82939e+23
1.602e+06 2.82729e+23
1.604e+06 2.82524e+23
1.606e+06 2.82324e+23
1.608e+06 2.82129e+23
1.61e+06 2.81942e+23
1.612e+06 2.81764e+23
1.614e+06 2.81596e+23
1.616e+06 2.81441e+23
1.618e+06 2.81302e+23
1.62e+06 2.81184e+23
1.622e+06 2.81091e+23
1.624e+06 2.81033e+23
1.626e+06 2.81019e+23
1.628e+06 2.81068e+23
1.63e+06 2.81205e+23
1.632e+06 2.81467e+23
1.634e+06 2.81918e+23
1.636e+06 2.82667e+23
1.638e+06 2.83911e+23
1.64e+06 2.86042e+23
1.641e+06 2.87674e+23
1.642e+06 2.89917e+23
1.643e+06 2.93082e+23
1.644e+06 2.97699e+23
1.645e+06 3.0472e+23
1.646e+06 3.15942e+23
1.6465e+06 3.24132e+23
1.647e+06 3.34931e+23
1.6475e+06 3.49345e+23
1.648e+06 3.68699e+23
1.6485e+06 3.94477e+23
1.649e+06 4.27466e+23
1.6495e+06 4.65452e+23
1.65e+06 4.99586e+23
1.6505e+06 5.14885e+23
1.651e+06 5.02308e+23
1.6515e+06 4.69452e+23
1.652e+06 4.31384e+23
1.6525e+06 3.97713e+23
1.653e+06 3.71159e+23
1.6535e+06 3.51115e+23
1.654e+06 3.36136e+23
1.655e+06 3.16313e+23
1.656e+06 3.04502e+23
1.657e+06 2.97026e+23
1.658e+06 2.92027e+23
1.659e+06 2.88525e+23
1.66e+06 2.85973e+23
1.661e+06 2.8405e+23
1.662e+06 2.82559e+23
1.663e+06 2.81372e+23
1.664e+06 2.80407e+23
1.665e+06 2.79607e+23
1.666e+06 2.78932e+23
1.667e+06 2.78353e+23
1.668e+06 2.7785e+23
1.669e+06 2.77406e+23
1.67e+06 2.77012e+23
1.671e+06 2.76656e+23
1.672e+06 2.76333e+23
1.673e+06 2.76037e+23
1.674e+06 2.75763e+23
1.675e+06 2.75508e+23
1.676e+06 2.7527e+23
1.677e+06 2.75045e+23
1.678e+06 2.74832e+23
1.679e+06 2.7463e+23
1.68e+06 2.74438e+23
1.681e+06 2.74255e+23
1.682e+06 2.7408e+23
1.683e+06 2.73914e+23
1.684e+06 2.73759e+23
1.685e+06 2.7362e+23
1.686e+06 2.73509e+23
1.687e+06 2.7348e+23
1.688e+06 2.73833e+23
1.6888e+06 2.81645e+23
1.6889e+06 2.83006e+23
1.689e+06 2.85635e+23
1.68902e+06 2.89039e+23
1.68904e+06 2.92664e+23
1.68906e+06 2.96567e+23
1.68908e+06 3.00821e+23
1.6891e+06 3.05526e+23
1.68912e+06 3.06737e+23
1.68914e+06 3.08719e+23
1.68916e+06 3.11728e+23
1.68918e+06 3.1612e+23
1.6892e+06 3.22389e+23
1.68922e+06 3.32477e+23
1.68924e+06 3.45961e+23
1.68926e+06 3.63728e+23
1.68928e+06 3.86157e+23
1.6893e+06 4.11744e+23
1.68932e+06 4.35555e+23
1.68934e+06 4.4791e+23
1.68936e+06 4.42206e+23
1.68938e+06 4.215e+23
1.6894e+06 3.95055e+23
1.68942e+06 3.70275e+23
1.68944e+06 3.49921e+23
1.68946e+06 3.34149e+23
1.68948e+06 3.22165e+23
1.6895e+06 3.13066e+23
1.68952e+06 3.06099e+23
1.68954e+06 3.007e+23
1.68956e+06 2.96459e+23
1.68958e+06 2.93083e+23
1.6896e+06 2.90359e+23
1.69e+06 2.75626e+23
1.691e+06 2.74115e+23
1.692e+06 2.72638e+23
1.694e+06 2.72241e+23
1.696e+06 2.71938e+23
1.698e+06 2.71657e+23
1.7e+06 2.71387e+23
1.702e+06 2.71134e+23
1.704e+06 2.70886e+23
1.706e+06 2.70641e+23
1.708e+06 2.70398e+23
1.71e+06 2.70158e+23
1.712e+06 2.6992e+23
1.714e+06 2.69683e+23
1.716e+06 2.69448e+23
1.718e+06 2.69214e+23
1.72e+06 2.6898e+23
1.722e+06 2.68748e+23
1.724e+06 2.68516e+23
1.726e+06 2.68285e+23
1.728e+06 2.68054e+23
1.73e+06 2.67823e+23
1.732e+06 2.67593e+23
1.734e+06 2.67362e+23
1.736e+06 2.67132e+23
1.738e+06 2.66901e+23
1.74e+06 2.66671e+23
1.742e+06 2.6644e+23
1.744e+06 2.66209e+23
1.746e+06 2.65977e+23
1.748e+06 2.65745e+23
1.75e+06 2.65513e+23
1.752e+06 2.6528e+23
1.754e+06 2.65046e+23
1.756e+06 2.64811e+23
1.758e+06 2.64575e+23
1.76e+06 2.64339e+23
1.762e+06 2.641e+23
1.764e+06 2.63861e+23
1.766e+06 2.63621e+23
1.768e+06 2.63379e+23
1.77e+06 2.63135e+23
1.772e+06 2.6289e+23
1.774e+06 2.62643e+23
1.776e+06 2.62393e+23
1.778e+06 2.62141e+23
1.78e+06 2.61887e+23
1.782e+06 2.6163e+23
1.784e+06 2.6137e+23
1.786e+06 2.61107e+23
1.788e+06 2.6084e+23
1.79e+06 2.6057e+23
1.792e+06 2.60296e+23
1.794e+06 2.60017e+23
1.796e+06 2.59735e+23
1.798e+06 2.59449e+23
1.8e+06 2.59159e+23
1.802e+06 2.58876e+23
1.804e+06 2.58591e+23
1.806e+06 2.58307e+23
1.808e+06 2.58028e+23
1.81e+06 2.57761e+23
1.812e+06 2.5752e+23
1.814e+06 2.57326e+23
1.816e+06 2.57221e+23
1.818e+06 2.5728e+23
1.82e+06 2.57651e+23
1.822e+06 2.58638e+23
1.823e+06 2.59547e+23
1.824e+06 2.60913e+23
1.825e+06 2.62968e+23
1.826e+06 2.66077e+23
1.827e+06 2.70828e+23
1.828e+06 2.78139e+23
1.829e+06 2.89336e+23
1.83e+06 3.05861e+23
1.831e+06 3.27716e+23
1.832e+06 3.50044e+23
1.833e+06 3.6272e+23
1.8333e+06 3.6348e+23
1.834e+06 3.60121e+23
1.835e+06 3.47477e+23
1.836e+06 3.32592e+23
1.837e+06 3.19457e+23
1.838e+06 3.08976e+23
1.839e+06 3.00868e+23
1.84e+06 2.9461e+23
1.841e+06 2.89734e+23
1.842e+06 2.85881e+23
1.843e+06 2.82792e+23
1.844e+06 2.8028e+23
1.845e+06 2.7821e+23
1.846e+06 2.76484e+23
1.847e+06 2.7503e+23
1.848e+06 2.73793e+23
1.849e+06 2.72734e+23
1.85e+06 2.7182e+23
1.851e+06 2.71028e+23
1.852e+06 2.70339e+23
1.853e+06 2.69738e+23
1.854e+06 2.69213e+23
1.855e+06 2.68754e+23
1.856e+06 2.68353e+23
1.857e+06 2.68005e+23
1.858e+06 2.67706e+23
1.859e+06 2.67449e+23
1.86e+06 2.67234e+23
1.861e+06 2.67056e+23
1.862e+06 2.66915e+23
1.863e+06 2.66809e+23
1.864e+06 2.66736e+23
1.866e+06 2.66691e+23
1.868e+06 2.6678e+23
1.87e+06 2.67009e+23
1.872e+06 2.67387e+23
1.874e+06 2.67932e+23
1.876e+06 2.68664e+23
1.878e+06 2.6961e+23
1.88e+06 2.70805e+23
1.882e+06 2.72288e+23
1.884e+06 2.74106e+23
1.885e+06 2.75206e+23
1.886e+06 2.76307e+23
1.888e+06 2.78939e+23
1.89e+06 2.82035e+23
1.892e+06 2.85594e+23
1.894e+06 2.89558e+23
1.896e+06 2.93771e+23
1.898e+06 2.97948e+23
1.9e+06 3.01676e+23
1.902e+06 3.04476e+23
1.904e+06 3.05904e+23
1.906e+06 3.05727e+23
1.908e+06 3.04003e+23
1.91e+06 3.01044e+23
1.912e+06 2.97293e+23
1.914e+06 2.9318e+23
1.916e+06 2.89044e+23
1.918e+06 2.85104e+23
1.92e+06 2.81478e+23
1.922e+06 2.78211e+23
1.924e+06 2.75305e+23
1.926e+06 2.72737e+23
1.928e+06 2.70472e+23
1.93e+06 2.68474e+23
1.932e+06 2.66707e+23
1.934e+06 2.65141e+23
1.936e+06 2.63744e+23
1.938e+06 2.62494e+23
1.94e+06 2.61368e+23
1.942e+06 2.60351e+23
1.944e+06 2.59425e+23
1.946e+06 2.58579e+23
1.95e+06 2.57086e+23
1.955e+06 2.55508e+23
1.96e+06 2.54168e+23
1.965e+06 2.53002e+23
1.97e+06 2.51967e+23
1.975e+06 2.51032e+23
1.98e+06 2.50175e+23
1.985e+06 2.49379e+23
1.99e+06 2.48632e+23
1.995e+06 2.47924e+23
2e+06 2.47249e+23
2.02e+06 2.44881e+23
2.04e+06 2.42725e+23
2.06e+06 2.40671e+23
2.08e+06 2.38657e+23
2.1e+06 2.36639e+23
2.12e+06 2.34579e+23
2.14e+06 2.32433e+23
2.16e+06 2.30152e+23
2.18e+06 2.27663e+23
2.2e+06 2.24863e+23
2.21e+06 2.23361e+23
2.22e+06 2.21718e+23
2.23e+06 2.199e+23
2.24e+06 2.17868e+23
2.25e+06 2.15574e+23
2.26e+06 2.12964e+23
2.27e+06 2.09978e+23
2.28e+06 2.06563e+23
2.29e+06 2.02687e+23
2.3e+06 1.98378e+23
2.31e+06 1.9377e+23
2.32e+06 1.89169e+23
2.33e+06 1.8507e+23
2.335e+06 1.83398e+23
2.34e+06 1.82077e+23
2.345e+06 1.81163e+23
2.35e+06 1.8069e+23
2.355e+06 1.80663e+23
2.36e+06 1.81058e+23
2.365e+06 1.81828e+23
2.37e+06 1.82905e+23
2.38e+06 1.85679e+23
2.39e+06 1.88812e+23
2.4e+06 1.91879e+23
2.41e+06 1.94685e+23
2.42e+06 1.97083e+23
2.43e+06 1.99059e+23
2.44e+06 2.00647e+23
2.45e+06 2.01897e+23
2.46e+06 2.0286e+23
2.47e+06 2.03584e+23
2.48e+06 2.04112e+23
2.49e+06 2.04477e+23
2.5e+06 2.04708e+23
2.51e+06 2.0483e+23
2.52e+06 2.0486e+23
2.53e+06 2.04814e+23
2.54e+06 2.04705e+23
2.55e+06 2.04544e+23
2.56e+06 2.04338e+23
2.57e+06 2.04095e+23
2.58e+06 2.0382e+23
2.59e+06 2.03519e+23
2.6e+06 2.03196e+23
2.62e+06 2.02576e+23
2.64e+06 2.01902e+23
2.66e+06 2.01191e+23
2.68e+06 2.00455e+23
2.7e+06 1.99705e+23
2.72e+06 1.9895e+23
2.74e+06 1.98198e+23
2.76e+06 1.97455e+23
2.78e+06 1.96731e+23
2.8e+06 1.96034e+23
2.82e+06 1.95444e+23
2.84e+06 1.94912e+23
2.86e+06 1.94484e+23
2.88e+06 1.94542e+23
2.881e+06 1.94615e+23
2.882e+06 1.94716e+23
2.883e+06 1.94859e+23
2.884e+06 1.95067e+23
2.885e+06 1.95392e+23
2.886e+06 1.95951e+23
2.887e+06 1.97096e+23
2.888e+06 2.00517e+23
2.8888e+06 2.18448e+23
2.88885e+06 2.22225e+23
2.8889e+06 2.26951e+23
2.88895e+06 2.32832e+23
2.889e+06 2.39931e+23
2.88905e+06 2.47772e+23
2.8891e+06 2.54569e+23
2.88915e+06 2.56687e+23
2.8892e+06 2.50643e+23
2.88925e+06 2.37627e+23
2.8893e+06 2.23127e+23
2.88935e+06 2.11302e+23
2.8894e+06 2.0305e+23
2.88945e+06 1.97672e+23
2.8895e+06 1.94255e+23
2.88955e+06 1.92097e+23
2.8896e+06 1.90739e+23
2.89e+06 1.88892e+23
2.892e+06 1.91469e+23
2.894e+06 1.92231e+23
2.896e+06 1.92553e+23
2.898e+06 1.92721e+23
2.9e+06 1.92817e+23
2.905e+06 1.9292e+23
2.91e+06 1.92943e+23
2.915e+06 1.92935e+23
2.92e+06 1.92915e+23
2.925e+06 1.92891e+23
2.93e+06 1.92868e+23
2.935e+06 1.92849e+23
2.94e+06 1.92835e+23
2.945e+06 1.92829e+23
2.95e+06 1.92832e+23
2.955e+06 1.92844e+23
2.96e+06 1.92867e+23
2.965e+06 1.92903e+23
2.97e+06 1.92953e+23
2.975e+06 1.9302e+23
2.98e+06 1.93107e+23
2.985e+06 1.9322e+23
2.99e+06 1.93372e+23
2.995e+06 1.93593e+23
3e+06 1.94004e+23
3.001e+06 1.9415e+23
3.002e+06 1.94346e+23
3.003e+06 1.94628e+23
3.004e+06 1.95085e+23
3.005e+06 1.95985e+23
3.006e+06 1.98668e+23
3.0065e+06 2.03688e+23
3.0066e+06 2.05912e+23
3.0067e+06 2.09165e+23
3.0068e+06 2.14205e+23
3.0069e+06 2.22487e+23
3.007e+06 2.36277e+23
3.0071e+06 2.53347e+23
3.0072e+06 2.48192e+23
3.0073e+06 2.19922e+23
3.0074e+06 2.02564e+23
3.0075e+06 1.95406e+23
3.008e+06 1.90595e+23
3.01e+06 1.92194e+23
3.02e+06 1.93674e+23
3.03e+06 1.94311e+23
3.04e+06 1.94953e+23
3.05e+06 1.95676e+23
3.06e+06 1.96509e+23
3.07e+06 1.97471e+23
3.08e+06 1.98579e+23
3.09e+06 1.99851e+23
3.1e+06 2.01303e+23
3.11e+06 2.02952e+23
3.12e+06 2.04814e+23
3.13e+06 2.06902e+23
3.14e+06 2.09227e+23
3.15e+06 2.11795e+23
3.16e+06 2.14605e+23
3.17e+06 2.1765e+23
3.18e+06 2.20917e+23
3.19e+06 2.24417e+23
3.2e+06 2.2838e+23
3.201e+06 2.28857e+23
3.202e+06 2.2937e+23
3.203e+06 2.29938e+23
3.204e+06 2.30585e+23
3.205e+06 2.31362e+23
3.206e+06 2.32358e+23
3.207e+06 2.33759e+23
3.208e+06 2.36001e+23
3.209e+06 2.40292e+23
3.2095e+06 2.44238e+23
3.21e+06 2.50856e+23
3.2105e+06 2.6286e+23
3.211e+06 2.85218e+23
3.2115e+06 3.1627e+23
3.212e+06 3.17213e+23
3.2125e+06 2.8546e+23
3.213e+06 2.62259e+23
3.2135e+06 2.50278e+23
3.214e+06 2.44046e+23
3.215e+06 2.38546e+23
3.216e+06 2.36491e+23
3.218e+06 2.35339e+23
3.22e+06 2.35369e+23
3.23e+06 2.38095e+23
3.24e+06 2.4118e+23
3.25e+06 2.44018e+23
3.26e+06 2.46494e+23
3.27e+06 2.48551e+23
3.28e+06 2.50159e+23
3.29e+06 2.51316e+23
3.3e+06 2.52041e+23
3.31e+06 2.52374e+23
3.32e+06 2.52363e+23
3.33e+06 2.52067e+23
3.34e+06 2.51546e+23
3.35e+06 2.50856e+23
3.36e+06 2.5005e+23
3.37e+06 2.49173e+23
3.38e+06 2.48264e+23
3.39e+06 2.47353e+23
3.4e+06 2.46463e+23
3.41e+06 2.45633e+23
3.42e+06 2.44852e+23
3.43e+06 2.44151e+23
3.432e+06 2.44049e+23
3.434e+06 2.44009e+23
3.436e+06 2.44229e+23
3.438e+06 2.49039e+23
3.4382e+06 2.525e+23
3.4384e+06 2.59969e+23
3.4386e+06 2.77896e+23
3.4388e+06 3.1508e+23
3.439e+06 3.30493e+23
3.4392e+06 3.03081e+23
3.4394e+06 2.83312e+23
3.4396e+06 2.7393e+23
3.4398e+06 2.6989e+23
3.44e+06 2.68812e+23
3.4405e+06 2.74983e+23
3.441e+06 2.96994e+23
3.4415e+06 3.30675e+23
3.442e+06 3.10323e+23
3.4425e+06 2.76737e+23
3.443e+06 2.61323e+23
3.4435e+06 2.54383e+23
3.444e+06 2.5083e+23
3.4445e+06 2.48791e+23
3.445e+06 2.47511e+23
3.446e+06 2.46039e+23
3.447e+06 2.45237e+23
3.448e+06 2.44737e+23
3.449e+06 2.44394e+23
3.45e+06 2.44141e+23
3.46e+06 2.43033e+23
3.48e+06 2.4212e+23
3.5e+06 2.41595e+23
3.52e+06 2.41278e+23
3.54e+06 2.41077e+23
3.56e+06 2.40898e+23
3.58e+06 2.40655e+23
3.6e+06 2.40259e+23
3.62e+06 2.3968e+23
3.63e+06 2.39291e+23
3.632e+06 2.39205e+23
3.634e+06 2.39116e+23
3.636e+06 2.39025e+23
3.638e+06 2.38934e+23
3.64e+06 2.38851e+23
3.6405e+06 2.3884e+23
3.641e+06 2.38851e+23
3.6415e+06 2.38969e+23
3.642e+06 2.41001e+23
3.6425e+06 2.39394e+23
3.643e+06 2.38809e+23
3.644e+06 2.38655e+23
3.646e+06 2.38527e+23
3.648e+06 2.38415e+23
3.65e+06 2.38302e+23
3.66e+06 2.37705e+23
3.68e+06 2.36367e+23
3.7e+06 2.35042e+23
3.71e+06 2.34573e+23
3.72e+06 2.34496e+23
3.73e+06 2.35336e+23
3.74e+06 2.38564e+23
3.749e+06 2.47582e+23
3.751e+06 2.51415e+23
3.753e+06 2.5642e+23
3.755e+06 2.62976e+23
3.757e+06 2.71524e+23
3.759e+06 2.82444e+23
3.761e+06 2.95704e+23
3.763e+06 3.10118e+23
3.765e+06 3.22524e+23
3.767e+06 3.28303e+23
3.769e+06 3.24562e+23
3.771e+06 3.12983e+23
3.773e+06 2.98105e+23
3.775e+06 2.8369e+23
3.777e+06 2.71439e+23
3.779e+06 2.61628e+23
3.781e+06 2.53943e+23
3.783e+06 2.47938e+23
3.785e+06 2.43211e+23
3.787e+06 2.39443e+23
3.789e+06 2.36397e+23
3.791e+06 2.33896e+23
3.793e+06 2.31813e+23
3.795e+06 2.30051e+23
3.797e+06 2.28541e+23
3.799e+06 2.2723e+23
3.8e+06 2.26771e+23
3.81e+06 2.22198e+23
3.82e+06 2.19241e+23
3.83e+06 2.16963e+23
3.84e+06 2.15055e+23
3.85e+06 2.13382e+23
3.86e+06 2.11879e+23
3.87e+06 2.10513e+23
3.88e+06 2.09269e+23
3.89e+06 2.08135e+23
3.9e+06 2.07107e+23
3.91e+06 2.06177e+23
3.92e+06 2.05341e+23
3.93e+06 2.04588e+23
3.94e+06 2.03903e+23
3.95e+06 2.03265e+23
3.96e+06 2.02638e+23
3.97e+06 2.0197e+23
3.98e+06 2.01177e+23
3.99e+06 2.00126e+23
4e+06 1.98608e+23
4.01e+06 1.96314e+23
4.02e+06 1.92809e+23
4.03e+06 1.87764e+23
4.04e+06 1.81473e+23
4.05e+06 1.75263e+23
4.06e+06 1.70675e+23
4.07e+06 1.68078e+23
4.08e+06 1.66787e+23
4.09e+06 1.66051e+23
4.1e+06 1.65515e+23
4.11e+06 1.65229e+23
4.12e+06 1.65604e+23
4.13e+06 1.6742e+23
4.14e+06 1.71716e+23
4.15e+06 1.79073e+23
4.16e+06 1.88175e+23
4.17e+06 1.95637e+23
4.18e+06 1.98902e+23
4.19e+06 1.98205e+23
4.2e+06 1.9515e+23
4.21e+06 1.91096e+23
4.22e+06 1.86771e+23
4.23e+06 1.82508e+23
4.24e+06 1.78461e+23
4.25e+06 1.7476e+23
4.26e+06 1.71656e+23
4.27e+06 1.69772e+23
4.275e+06 1.69706e+23
4.28e+06 1.70631e+23
4.285e+06 1.73017e+23
4.29e+06 1.77412e+23
4.295e+06 1.84206e+23
4.3e+06 1.93163e+23
4.305e+06 2.0307e+23
4.31e+06 2.12122e+23
4.315e+06 2.18862e+23
4.32e+06 2.22724e+23
4.325e+06 2.23926e+23
4.33e+06 2.23096e+23
4.335e+06 2.20938e+23
4.34e+06 2.18045e+23
4.345e+06 2.14838e+23
4.35e+06 2.11582e+23
4.36e+06 2.05454e+23
4.37e+06 2.00137e+23
4.38e+06 1.95642e+23
4.39e+06 1.91858e+23
4.4e+06 1.88667e+23
4.405e+06 1.87271e+23
4.41e+06 1.85994e+23
4.415e+06 1.84832e+23
4.42e+06 1.83784e+23
4.425e+06 1.82856e+23
4.43e+06 1.82059e+23
4.435e+06 1.81413e+23
4.44e+06 1.80953e+23
4.445e+06 1.8072e+23
4.45e+06 1.80712e+23
4.451e+06 1.80717e+23
4.452e+06 1.80711e+23
4.453e+06 1.80681e+23
4.454e+06 1.80608e+23
4.455e+06 1.80463e+23
4.456e+06 1.80209e+23
4.457e+06 1.79791e+23
4.458e+06 1.79142e+23
4.459e+06 1.78183e+23
4.46e+06 1.76842e+23
4.461e+06 1.75084e+23
4.462e+06 1.72954e+23
4.463e+06 1.70601e+23
4.464e+06 1.68263e+23
4.465e+06 1.66185e+23
4.466e+06 1.6454e+23
4.467e+06 1.6338e+23
4.468e+06 1.6266e+23
4.469e+06 1.62287e+23
4.47e+06 1.62161e+23
4.471e+06 1.62195e+23
4.472e+06 1.62324e+23
4.473e+06 1.62505e+23
4.474e+06 1.62705e+23
4.475e+06 1.62909e+23
4.476e+06 1.63103e+23
4.477e+06 1.63281e+23
4.478e+06 1.63442e+23
4.479e+06 1.63582e+23
4.48e+06 1.63703e+23
4.481e+06 1.63804e+23
4.482e+06 1.63887e+23
4.483e+06 1.63953e+23
4.484e+06 1.64003e+23
4.485e+06 1.64039e+23
4.486e+06 1.64061e+23
4.487e+06 1.6407e+23
4.488e+06 1.64068e+23
4.489e+06 1.64055e+23
4.49e+06 1.64032e+23
4.495e+06 1.63796e+23
4.5e+06 1.63397e+23
4.505e+06 1.62883e+23
4.51e+06 1.62313e+23
4.515e+06 1.61929e+23
4.516e+06 1.61952e+23
4.517e+06 1.62055e+23
4.518e+06 1.62283e+23
4.519e+06 1.62711e+23
4.52e+06 1.63462e+23
4.521e+06 1.64757e+23
4.522e+06 1.66985e+23
4.523e+06 1.70846e+23
4.524e+06 1.77534e+23
4.525e+06 1.8859e+23
4.526e+06 2.03873e+23
4.527e+06 2.16755e+23
4.528e+06 2.17961e+23
4.529e+06 2.09731e+23
4.53e+06 1.99858e+23
4.531e+06 1.91793e+23
4.532e+06 1.85835e+23
4.533e+06 1.81494e+23
4.534e+06 1.78283e+23
4.535e+06 1.75852e+23
4.536e+06 1.73964e+23
4.537e+06 1.72464e+23
4.538e+06 1.71246e+23
4.539e+06 1.70239e+23
4.54e+06 1.69391e+23
4.541e+06 1.68666e+23
4.542e+06 1.68038e+23
4.543e+06 1.67488e+23
4.544e+06 1.67e+23
4.545e+06 1.66564e+23
4.546e+06 1.66171e+23
4.547e+06 1.65812e+23
4.548e+06 1.65485e+23
4.549e+06 1.65182e+23
4.55e+06 1.64902e+23
4.555e+06 1.63742e+23
4.56e+06 1.62846e+23
4.565e+06 1.62114e+23
4.57e+06 1.61502e+23
4.575e+06 1.61006e+23
4.58e+06 1.60677e+23
4.585e+06 1.60746e+23
4.586e+06 1.60873e+23
4.587e+06 1.61074e+23
4.588e+06 1.61386e+23
4.589e+06 1.61869e+23
4.59e+06 1.62634e+23
4.591e+06 1.63916e+23
4.592e+06 1.66322e+23
4.593e+06 1.72035e+23
4.5931e+06 1.73039e+23
4.5932e+06 1.74184e+23
4.5933e+06 1.75496e+23
4.5934e+06 1.77011e+23
4.5935e+06 1.7877e+23
4.5936e+06 1.80827e+23
4.5937e+06 1.83246e+23
4.5938e+06 1.86107e+23
4.5939e+06 1.89507e+23
4.594e+06 1.93558e+23
4.5941e+06 1.98384e+23
4.5942e+06 2.04101e+23
4.5943e+06 2.10784e+23
4.5944e+06 2.18394e+23
4.5945e+06 2.26663e+23
4.5946e+06 2.34962e+23
4.5947e+06 2.42222e+23
4.5948e+06 2.47084e+23
4.5949e+06 2.48377e+23
4.595e+06 2.45726e+23
4.5951e+06 2.39775e+23
4.5952e+06 2.31828e+23
4.5953e+06 2.23222e+23
4.5954e+06 2.14922e+23
4.5955e+06 2.07448e+23
4.5956e+06 2.00983e+23
4.5957e+06 1.95514e+23
4.5958e+06 1.90938e+23
4.5959e+06 1.87122e+23
4.596e+06 1.83938e+23
4.5961e+06 1.81271e+23
4.5962e+06 1.79026e+23
4.5963e+06 1.77123e+23
4.5964e+06 1.755e+23
4.5965e+06 1.74106e+23
4.5966e+06 1.72899e+23
4.5967e+06 1.71848e+23
4.5968e+06 1.70926e+23
4.5969e+06 1.70111e+23
4.597e+06 1.69387e+23
4.598e+06 1.65001e+23
4.6e+06 1.61594e+23
4.602e+06 1.60127e+23
4.604e+06 1.59344e+23
4.606e+06 1.58878e+23
4.608e+06 1.58588e+23
4.61e+06 1.58415e+23
4.612e+06 1.58336e+23
4.614e+06 1.58354e+23
4.616e+06 1.58487e+23
4.618e+06 1.58781e+23
4.62e+06 1.59322e+23
4.622e+06 1.60272e+23
4.624e+06 1.61963e+23
4.626e+06 1.65079e+23
4.6265e+06 1.66218e+23
4.627e+06 1.67553e+23
4.6275e+06 1.69109e+23
4.628e+06 1.70906e+23
4.6285e+06 1.72947e+23
4.629e+06 1.75202e+23
4.6295e+06 1.77583e+23
4.63e+06 1.7992e+23
4.6305e+06 1.81949e+23
4.631e+06 1.83345e+23
4.6315e+06 1.83812e+23
4.632e+06 1.83202e+23
4.6325e+06 1.81591e+23
4.633e+06 1.79254e+23
4.6335e+06 1.76539e+23
4.634e+06 1.73759e+23
4.6345e+06 1.71126e+23
4.635e+06 1.68754e+23
4.6355e+06 1.66682e+23
4.636e+06 1.64905e+23
4.6365e+06 1.63395e+23
4.637e+06 1.62117e+23
4.6375e+06 1.61035e+23
4.638e+06 1.60117e+23
4.64e+06 1.57588e+23
4.645e+06 1.54866e+23
4.65e+06 1.53718e+23
4.655e+06 1.53e+23
4.66e+06 1.5244e+23
4.67e+06 1.51494e+23
4.68e+06 1.50635e+23
4.69e+06 1.4981e+23
4.7e+06 1.49002e+23
4.71e+06 1.48208e+23
4.72e+06 1.47431e+23
4.73e+06 1.4668e+23
4.74e+06 1.45973e+23
4.75e+06 1.45345e+23
4.76e+06 1.4486e+23
4.77e+06 1.44642e+23
4.775e+06 1.44701e+23
4.78e+06 1.4493e+23
4.785e+06 1.45394e+23
4.79e+06 1.46186e+23
4.795e+06 1.47429e+23
4.8e+06 1.49282e+23
4.805e+06 1.51941e+23
4.81e+06 1.55577e+23
4.815e+06 1.60254e+23
4.82e+06 1.65748e+23
4.825e+06 1.71382e+23
4.83e+06 1.76094e+23
4.835e+06 1.78906e+23
4.84e+06 1.79471e+23
4.845e+06 1.78157e+23
4.85e+06 1.75674e+23
4.855e+06 1.72678e+23
4.86e+06 1.69607e+23
4.865e+06 1.66692e+23
4.87e+06 1.64034e+23
4.875e+06 1.61653e+23
4.88e+06 1.59536e+23
4.885e+06 1.57655e+23
4.89e+06 1.5598e+23
4.895e+06 1.54479e+23
4.9e+06 1.53128e+23
4.905e+06 1.51904e+23
4.91e+06 1.50788e+23
4.915e+06 1.49764e+23
4.92e+06 1.4882e+23
4.925e+06 1.47946e+23
4.93e+06 1.47134e+23
4.935e+06 1.46377e+23
4.94e+06 1.45671e+23
4.945e+06 1.45013e+23
4.95e+06 1.44402e+23
4.96e+06 1.43318e+23
4.97e+06 1.42438e+23
4.98e+06 1.41807e+23
4.99e+06 1.41508e+23
5e+06 1.41671e+23
5.01e+06 1.42483e+23
5.02e+06 1.44144e+23
5.03e+06 1.4682e+23
5.04e+06 1.5049e+23
5.05e+06 1.54806e+23
5.06e+06 1.59125e+23
5.07e+06 1.62876e+23
5.08e+06 1.66017e+23
5.09e+06 1.69361e+23
5.1e+06 1.75157e+23
5.103e+06 1.78088e+23
5.105e+06 1.80562e+23
5.107e+06 1.83567e+23
5.109e+06 1.8722e+23
5.111e+06 1.91634e+23
5.113e+06 1.96898e+23
5.115e+06 2.03014e+23
5.117e+06 2.09793e+23
5.119e+06 2.16725e+23
5.121e+06 2.22884e+23
5.123e+06 2.27036e+23
5.125e+06 2.28074e+23
5.127e+06 2.25607e+23
5.129e+06 2.20214e+23
5.131e+06 2.13086e+23
5.133e+06 2.05435e+23
5.135e+06 1.98111e+23
5.137e+06 1.91549e+23
5.139e+06 1.85886e+23
5.141e+06 1.81094e+23
5.143e+06 1.77069e+23
5.145e+06 1.73694e+23
5.147e+06 1.70852e+23
5.15e+06 1.6738e+23
5.16e+06 1.60043e+23
5.17e+06 1.55948e+23
5.18e+06 1.53251e+23
5.19e+06 1.51256e+23
5.2e+06 1.49663e+23
5.21e+06 1.4833e+23
5.22e+06 1.47167e+23
5.23e+06 1.4612e+23
5.24e+06 1.44951e+23
5.25e+06 1.44392e+23
5.26e+06 1.43567e+23
5.27e+06 1.42798e+23
5.28e+06 1.42059e+23
5.29e+06 1.41328e+23
5.3e+06 1.4059e+23
5.301e+06 1.40533e+23
5.302e+06 1.40497e+23
5.303e+06 1.40511e+23
5.304e+06 1.40648e+23
5.305e+06 1.41152e+23
5.306e+06 1.43109e+23
5.307e+06 1.54952e+23
5.308e+06 1.91738e+23
5.309e+06 1.52866e+23
5.31e+06 1.45333e+23
5.311e+06 1.4306e+23
5.312e+06 1.42038e+23
5.313e+06 1.41461e+23
5.314e+06 1.41085e+23
5.315e+06 1.40814e+23
5.316e+06 1.40604e+23
5.32e+06 1.40035e+23
5.33e+06 1.3912e+23
5.34e+06 1.38281e+23
5.35e+06 1.37274e+23
5.355e+06 1.3662e+23
5.36e+06 1.35925e+23
5.361e+06 1.35862e+23
5.362e+06 1.35909e+23
5.363e+06 1.36189e+23
5.364e+06 1.36978e+23
5.3645e+06 1.37739e+23
5.365e+06 1.38925e+23
5.3655e+06 1.40766e+23
5.366e+06 1.43615e+23
5.3665e+06 1.47955e+23
5.367e+06 1.54277e+23
5.3675e+06 1.62556e+23
5.368e+06 1.71248e+23
5.3685e+06 1.77175e+23
5.369e+06 1.78115e+23
5.3695e+06 1.74996e+23
5.37e+06 1.70203e+23
5.3705e+06 1.65406e+23
5.371e+06 1.61258e+23
5.3715e+06 1.57866e+23
5.372e+06 1.55139e+23
5.3725e+06 1.52947e+23
5.373e+06 1.51173e+23
5.3735e+06 1.4972e+23
5.374e+06 1.48518e+23
5.3745e+06 1.47511e+23
5.375e+06 1.46658e+23
5.38e+06 1.4228e+23
5.385e+06 1.40593e+23
5.39e+06 1.39666e+23
5.395e+06 1.39051e+23
5.4e+06 1.38597e+23
5.41e+06 1.37946e+23
5.42e+06 1.37479e+23
5.43e+06 1.37123e+23
5.44e+06 1.3685e+23
5.45e+06 1.36651e+23
5.46e+06 1.36524e+23
5.47e+06 1.36473e+23
5.48e+06 1.36507e+23
5.49e+06 1.36638e+23
5.5e+06 1.36884e+23
5.51e+06 1.37266e+23
5.52e+06 1.37813e+23
5.53e+06 1.3856e+23
5.54e+06 1.39549e+23
5.55e+06 1.40834e+23
5.56e+06 1.42472e+23
5.57e+06 1.44529e+23
5.58e+06 1.47069e+23
5.59e+06 1.50127e+23
5.6e+06 1.53679e+23
5.602e+06 1.54438e+23
5.604e+06 1.55209e+23
5.606e+06 1.55987e+23
5.608e+06 1.56769e+23
5.61e+06 1.57551e+23
5.612e+06 1.58326e+23
5.614e+06 1.5909e+23
5.616e+06 1.59835e+23
5.618e+06 1.60551e+23
5.62e+06 1.61231e+23
5.622e+06 1.61862e+23
5.624e+06 1.62435e+23
5.626e+06 1.62937e+23
5.628e+06 1.63355e+23
5.63e+06 1.63677e+23
5.632e+06 1.63894e+23
5.634e+06 1.63997e+23
5.636e+06 1.63981e+23
5.638e+06 1.63845e+23
5.63954e+06 1.63652e+23
5.64e+06 1.63595e+23
5.642e+06 1.63241e+23
5.644e+06 1.62799e+23
5.645e+06 1.62545e+23
5.646e+06 1.62291e+23
5.648e+06 1.61741e+23
5.65e+06 1.61177e+23
5.652e+06 1.60626e+23
5.654e+06 1.60113e+23
5.655e+06 1.59889e+23
5.656e+06 1.59665e+23
5.658e+06 1.59304e+23
5.66e+06 1.59056e+23
5.662e+06 1.58954e+23
5.664e+06 1.59045e+23
5.665e+06 1.59232e+23
5.666e+06 1.59419e+23
5.668e+06 1.60249e+23
5.67e+06 1.61941e+23
5.672e+06 1.6556e+23
5.674e+06 1.74435e+23
5.675e+06 1.85309e+23
5.676e+06 1.96183e+23
5.678e+06 1.90744e+23
5.68e+06 1.64458e+23
5.682e+06 1.56639e+23
5.684e+06 1.54166e+23
5.685e+06 1.53657e+23
5.686e+06 1.53149e+23
5.688e+06 1.52621e+23
5.69e+06 1.5228e+23
5.692e+06 1.52017e+23
5.694e+06 1.51785e+23
5.695e+06 1.51673e+23
5.696e+06 1.51562e+23
5.698e+06 1.51339e+23
5.7e+06 1.5111e+23
5.705e+06 1.50475e+23
5.71e+06 1.4984e+23
5.715e+06 1.49114e+23
5.72e+06 1.48388e+23
5.725e+06 1.47617e+23
5.73e+06 1.46846e+23
5.735e+06 1.46069e+23
5.74e+06 1.45291e+23
5.745e+06 1.44534e+23
5.75e+06 1.43777e+23
5.755e+06 1.43055e+23
5.76e+06 1.42333e+23
5.765e+06 1.41656e+23
5.77e+06 1.40978e+23
5.775e+06 1.40348e+23
5.78e+06 1.39718e+23
5.785e+06 1.39136e+23
5.79e+06 1.38555e+23
5.795e+06 1.38022e+23
5.8e+06 1.37489e+23
5.805e+06 1.37008e+23
5.81e+06 1.36528e+23
5.815e+06 1.36098e+23
5.82e+06 1.35667e+23
5.825e+06 1.35292e+23
5.83e+06 1.34918e+23
5.835e+06 1.34609e+23
5.84e+06 1.343e+23
5.845e+06 1.34078e+23
5.85e+06 1.33856e+23
5.855e+06 1.33724e+23
5.86e+06 1.33673e+23
5.865e+06 1.33728e+23
5.87e+06 1.33931e+23
5.875e+06 1.34338e+23
5.88e+06 1.35046e+23
5.885e+06 1.36209e+23
5.89e+06 1.38087e+23
5.895e+06 1.41131e+23
5.9e+06 1.46113e+23
5.905e+06 1.54225e+23
5.91e+06 1.66409e+23
5.915e+06 1.7963e+23
5.916e+06 1.81221e+23
5.917e+06 1.82812e+23
5.918e+06 1.83184e+23
5.919e+06 1.83555e+23
5.92e+06 1.82603e+23
5.921e+06 1.81651e+23
5.922e+06 1.79294e+23
5.923e+06 1.76937e+23
5.924e+06 1.74579e+23
5.925e+06 1.72222e+23
5.926e+06 1.69436e+23
5.927e+06 1.6665e+23
5.928e+06 1.63864e+23
5.929e+06 1.61077e+23
5.93e+06 1.58291e+23
5.935e+06 1.47694e+23
5.94e+06 1.40592e+23
5.945e+06 1.35801e+23
5.95e+06 1.324e+23
5.952e+06 1.31368e+23
5.954e+06 1.30336e+23
5.955e+06 1.2982e+23
5.956e+06 1.29399e+23
5.958e+06 1.28558e+23
5.96e+06 1.27717e+23
5.962e+06 1.26958e+23
5.964e+06 1.26231e+23
5.965e+06 1.25879e+23
5.966e+06 1.25527e+23
5.968e+06 1.2484e+23
5.97e+06 1.24164e+23
5.972e+06 1.23497e+23
5.974e+06 1.22842e+23
5.975e+06 1.22524e+23
5.976e+06 1.22207e+23
5.978e+06 1.21612e+23
5.98e+06 1.21101e+23
5.982e+06 1.20758e+23
5.984e+06 1.20743e+23
5.986e+06 1.21354e+23
5.988e+06 1.23113e+23
5.99e+06 1.26788e+23
5.992e+06 1.33021e+23
5.994e+06 1.41105e+23
5.995e+06 1.4463e+23
5.996e+06 1.48156e+23
5.997e+06 1.49828e+23
5.998e+06 1.515e+23
5.999e+06 1.51403e+23
6e+06 1.51306e+23
6.001e+06 1.5029e+23
6.002e+06 1.49274e+23
6.003e+06 1.47995e+23
6.004e+06 1.46717e+23
6.006e+06 1.44247e+23
6.008e+06 1.42062e+23
6.01e+06 1.40188e+23
6.012e+06 1.38593e+23
6.014e+06 1.37233e+23
6.016e+06 1.36064e+23
6.018e+06 1.3505e+23
6.02e+06 1.34164e+23
6.022e+06 1.33381e+23
6.024e+06 1.32684e+23
6.025e+06 1.32371e+23
6.026e+06 1.32058e+23
6.028e+06 1.31492e+23
6.03e+06 1.30977e+23
6.032e+06 1.30505e+23
6.034e+06 1.30072e+23
6.035e+06 1.29872e+23
6.036e+06 1.29672e+23
6.038e+06 1.29302e+23
6.04e+06 1.28958e+23
6.042e+06 1.2864e+23
6.044e+06 1.28347e+23
6.045e+06 1.28212e+23
6.046e+06 1.28078e+23
6.048e+06 1.27833e+23
6.05e+06 1.27617e+23
6.052e+06 1.27433e+23
6.054e+06 1.27288e+23
6.055e+06 1.27241e+23
6.056e+06 1.27195e+23
6.058e+06 1.27174e+23
6.06e+06 1.27258e+23
6.062e+06 1.27508e+23
6.064e+06 1.28037e+23
6.066e+06 1.29077e+23
6.068e+06 1.31155e+23
6.07e+06 1.35657e+23
6.0705e+06 1.37528e+23
6.071e+06 1.39885e+23
6.0715e+06 1.42879e+23
6.072e+06 1.46701e+23
6.0725e+06 1.51578e+23
6.073e+06 1.57729e+23
6.0735e+06 1.65245e+23
6.074e+06 1.73812e+23
6.0745e+06 1.82305e+23
6.075e+06 1.88617e+23
6.0755e+06 1.90475e+23
6.076e+06 1.87133e+23
6.0765e+06 1.80053e+23
6.077e+06 1.71596e+23
6.0775e+06 1.63527e+23
6.078e+06 1.56639e+23
6.0785e+06 1.51075e+23
6.079e+06 1.46692e+23
6.0795e+06 1.43273e+23
6.08e+06 1.40613e+23
6.0805e+06 1.38543e+23
6.081e+06 1.36932e+23
6.0815e+06 1.35682e+23
6.082e+06 1.34718e+23
6.084e+06 1.32821e+23
6.086e+06 1.32878e+23
6.088e+06 1.34055e+23
6.09e+06 1.35712e+23
6.092e+06 1.3716e+23
6.094e+06 1.37868e+23
6.096e+06 1.37729e+23
6.098e+06 1.36977e+23
6.1e+06 1.35926e+23
6.102e+06 1.34805e+23
6.104e+06 1.33738e+23
6.106e+06 1.32775e+23
6.108e+06 1.31928e+23
6.11e+06 1.3119e+23
6.112e+06 1.3055e+23
6.114e+06 1.29994e+23
6.115e+06 1.29751e+23
6.116e+06 1.29509e+23
6.118e+06 1.29084e+23
6.12e+06 1.2871e+23
6.122e+06 1.28381e+23
6.124e+06 1.28088e+23
6.125e+06 1.27957e+23
6.126e+06 1.27827e+23
6.128e+06 1.27594e+23
6.13e+06 1.27385e+23
6.135e+06 1.26949e+23
6.14e+06 1.26611e+23
6.145e+06 1.26344e+23
6.15e+06 1.2613e+23
6.155e+06 1.25953e+23
6.16e+06 1.258e+23
6.165e+06 1.25659e+23
6.17e+06 1.25522e+23
6.175e+06 1.25383e+23
6.18e+06 1.25238e+23
6.185e+06 1.25086e+23
6.19e+06 1.2493e+23
6.195e+06 1.24769e+23
6.2e+06 1.24609e+23
6.205e+06 1.24452e+23
6.21e+06 1.24299e+23
6.215e+06 1.24151e+23
6.22e+06 1.24011e+23
6.225e+06 1.23878e+23
6.23e+06 1.23755e+23
6.235e+06 1.23642e+23
6.24e+06 1.23539e+23
6.245e+06 1.23446e+23
6.25e+06 1.23364e+23
6.255e+06 1.23292e+23
6.26e+06 1.2323e+23
6.265e+06 1.23177e+23
6.27e+06 1.23133e+23
6.27217e+06 1.23117e+23
6.2722e+06 1.23117e+23
6.275e+06 1.23096e+23
6.28e+06 1.23067e+23
6.285e+06 1.23046e+23
6.29e+06 1.23035e+23
6.295e+06 1.23038e+23
6.3e+06 1.23062e+23
6.302e+06 1.23083e+23
6.304e+06 1.23105e+23
6.305e+06 1.23116e+23
6.306e+06 1.23135e+23
6.308e+06 1.23173e+23
6.31e+06 1.23212e+23
6.312e+06 1.23273e+23
6.314e+06 1.23334e+23
6.315e+06 1.23365e+23
6.316e+06 1.2341e+23
6.318e+06 1.235e+23
6.32e+06 1.2359e+23
6.322e+06 1.23715e+23
6.324e+06 1.23841e+23
6.325e+06 1.23904e+23
6.326e+06 1.23988e+23
6.328e+06 1.24156e+23
6.33e+06 1.24324e+23
6.332e+06 1.24543e+23
6.334e+06 1.24762e+23
6.335e+06 1.24872e+23
6.336e+06 1.25011e+23
6.338e+06 1.2529e+23
6.34e+06 1.25568e+23
6.342e+06 1.25917e+23
6.344e+06 1.26266e+23
6.345e+06 1.26441e+23
6.346e+06 1.26656e+23
6.348e+06 1.27088e+23
6.35e+06 1.2752e+23
6.352e+06 1.2805e+23
6.354e+06 1.2858e+23
6.355e+06 1.28845e+23
6.356e+06 1.29167e+23
6.358e+06 1.29812e+23
6.36e+06 1.30456e+23
6.362e+06 1.3119e+23
6.364e+06 1.31978e+23
6.365e+06 1.32401e+23
6.366e+06 1.32823e+23
6.368e+06 1.33725e+23
6.37e+06 1.34686e+23
6.372e+06 1.35703e+23
6.374e+06 1.36774e+23
6.375e+06 1.37332e+23
6.376e+06 1.37891e+23
6.378e+06 1.39048e+23
6.38e+06 1.4023e+23
6.382e+06 1.4142e+23
6.384e+06 1.42595e+23
6.385e+06 1.43162e+23
6.386e+06 1.43728e+23
6.387e+06 1.44267e+23
6.388e+06 1.44783e+23
6.389e+06 1.45269e+23
6.39e+06 1.45721e+23
6.391e+06 1.46134e+23
6.392e+06 1.46502e+23
6.393e+06 1.46819e+23
6.394e+06 1.47081e+23
6.395e+06 1.47282e+23
6.396e+06 1.47419e+23
6.397e+06 1.47487e+23
6.398e+06 1.47483e+23
6.399e+06 1.47405e+23
6.4e+06 1.47252e+23
6.401e+06 1.47022e+23
6.402e+06 1.46716e+23
6.403e+06 1.46336e+23
6.404e+06 1.45884e+23
6.405e+06 1.45363e+23
6.406e+06 1.44778e+23
6.407e+06 1.44133e+23
6.408e+06 1.43435e+23
6.409e+06 1.42689e+23
6.41e+06 1.419e+23
6.411e+06 1.41078e+23
6.412e+06 1.40226e+23
6.413e+06 1.39352e+23
6.414e+06 1.38463e+23
6.415e+06 1.37561e+23
6.416e+06 1.36659e+23
6.418e+06 1.34856e+23
6.42e+06 1.3309e+23
6.422e+06 1.31386e+23
6.424e+06 1.29786e+23
6.425e+06 1.28986e+23
6.426e+06 1.28286e+23
6.428e+06 1.26883e+23
6.43e+06 1.25481e+23
6.43089e+06 1.24973e+23
6.432e+06 1.24332e+23
6.434e+06 1.23184e+23
6.435e+06 1.2261e+23
6.436e+06 1.2215e+23
6.438e+06 1.2123e+23
6.44e+06 1.2031e+23
6.442e+06 1.19581e+23
6.444e+06 1.18852e+23
6.445e+06 1.18487e+23
6.446e+06 1.182e+23
6.448e+06 1.17625e+23
6.45e+06 1.1705e+23
6.452e+06 1.16599e+23
6.4521e+06 1.16576e+23
6.45215e+06 1.16566e+23
6.454e+06 1.16147e+23
6.455e+06 1.15921e+23
6.456e+06 1.15743e+23
6.458e+06 1.15389e+23
6.46e+06 1.15035e+23
6.462e+06 1.14758e+23
6.464e+06 1.14481e+23
6.465e+06 1.14343e+23
6.466e+06 1.14236e+23
6.468e+06 1.14022e+23
6.47e+06 1.13808e+23
6.472e+06 1.13646e+23
6.474e+06 1.13484e+23
6.475e+06 1.13403e+23
6.476e+06 1.13326e+23
6.478e+06 1.13174e+23
6.48e+06 1.13022e+23
6.482e+06 1.12931e+23
6.484e+06 1.12839e+23
6.485e+06 1.12794e+23
6.486e+06 1.12773e+23
6.488e+06 1.12731e+23
6.49e+06 1.1269e+23
6.492e+06 1.12688e+23
6.494e+06 1.12686e+23
6.495e+06 1.12685e+23
6.496e+06 1.12699e+23
6.498e+06 1.12727e+23
6.5e+06 1.12756e+23
6.502e+06 1.12813e+23
6.504e+06 1.12869e+23
6.506e+06 1.12926e+23
6.508e+06 1.12983e+23
6.51e+06 1.1304e+23
6.512e+06 1.1311e+23
6.514e+06 1.1318e+23
6.516e+06 1.1325e+23
6.51646e+06 1.13266e+23
6.518e+06 1.13364e+23
6.52e+06 1.13492e+23
6.522e+06 1.13621e+23
6.524e+06 1.13751e+23
6.525e+06 1.13815e+23
6.526e+06 1.13854e+23
6.528e+06 1.13932e+23
6.53e+06 1.14011e+23
6.532e+06 1.14133e+23
6.534e+06 1.14255e+23
6.536e+06 1.14377e+23
6.538e+06 1.145e+23
6.54e+06 1.14624e+23
6.542e+06 1.14809e+23
6.544e+06 1.14994e+23
6.546e+06 1.15179e+23
6.548e+06 1.15365e+23
6.55e+06 1.15551e+23
6.552e+06 1.15815e+23
6.554e+06 1.1608e+23
6.556e+06 1.16344e+23
6.558e+06 1.16608e+23
6.56e+06 1.16872e+23
6.562e+06 1.17226e+23
6.564e+06 1.17579e+23
6.566e+06 1.17932e+23
6.568e+06 1.18284e+23
6.57e+06 1.18635e+23
6.572e+06 1.18979e+23
6.574e+06 1.19322e+23
6.575e+06 1.19494e+23
6.576e+06 1.1967e+23
6.578e+06 1.20023e+23
6.58e+06 1.20375e+23
6.582e+06 1.20624e+23
6.584e+06 1.20873e+23
6.586e+06 1.21122e+23
6.588e+06 1.2137e+23
6.59e+06 1.21618e+23
6.592e+06 1.21817e+23
6.594e+06 1.22015e+23
6.596e+06 1.22213e+23
6.598e+06 1.22411e+23
6.6e+06 1.2261e+23
6.602e+06 1.22746e+23
6.604e+06 1.22881e+23
6.606e+06 1.23017e+23
6.608e+06 1.23153e+23
6.61e+06 1.23289e+23
6.612e+06 1.23358e+23
6.614e+06 1.23427e+23
6.616e+06 1.23496e+23
6.618e+06 1.23564e+23
6.62e+06 1.23633e+23
6.622e+06 1.23644e+23
6.624e+06 1.23654e+23
6.625e+06 1.2366e+23
6.626e+06 1.23667e+23
6.628e+06 1.23681e+23
6.63e+06 1.23695e+23
6.632e+06 1.23673e+23
6.634e+06 1.2365e+23
6.636e+06 1.23627e+23
6.638e+06 1.23605e+23
6.64e+06 1.23582e+23
6.642e+06 1.23576e+23
6.644e+06 1.23569e+23
6.646e+06 1.23563e+23
6.648e+06 1.23557e+23
6.65e+06 1.23551e+23
6.651e+06 1.23576e+23
6.652e+06 1.23612e+23
6.653e+06 1.2366e+23
6.654e+06 1.23722e+23
6.655e+06 1.23801e+23
6.656e+06 1.239e+23
6.657e+06 1.24022e+23
6.658e+06 1.24173e+23
6.659e+06 1.24356e+23
6.66e+06 1.24577e+23
6.661e+06 1.24842e+23
6.662e+06 1.25158e+23
6.663e+06 1.25529e+23
6.664e+06 1.25961e+23
6.665e+06 1.26456e+23
6.666e+06 1.2701e+23
6.667e+06 1.27613e+23
6.668e+06 1.28239e+23
6.669e+06 1.28853e+23
6.67e+06 1.29405e+23
6.671e+06 1.29837e+23
6.672e+06 1.30094e+23
6.673e+06 1.30143e+23
6.674e+06 1.29974e+23
6.675e+06 1.29612e+23
6.676e+06 1.2911e+23
6.677e+06 1.28512e+23
6.678e+06 1.27868e+23
6.679e+06 1.27219e+23
6.68e+06 1.26593e+23
6.681e+06 1.26005e+23
6.682e+06 1.25465e+23
6.683e+06 1.24976e+23
6.684e+06 1.24535e+23
6.685e+06 1.24141e+23
6.686e+06 1.23788e+23
6.687e+06 1.23474e+23
6.688e+06 1.23194e+23
6.689e+06 1.22944e+23
6.69e+06 1.22721e+23
6.691e+06 1.22522e+23
6.692e+06 1.22344e+23
6.693e+06 1.22184e+23
6.694e+06 1.22042e+23
6.695e+06 1.21914e+23
6.696e+06 1.21823e+23
6.698e+06 1.2164e+23
6.7e+06 1.21457e+23
6.71e+06 1.21138e+23
6.72e+06 1.21293e+23
6.725e+06 1.21496e+23
6.73e+06 1.21776e+23
6.74e+06 1.22486e+23
6.75e+06 1.23345e+23
6.76e+06 1.24374e+23
6.77e+06 1.25674e+23
6.775e+06 1.26579e+23
6.78e+06 1.27385e+23
6.79e+06 1.2994e+23
6.8e+06 1.34151e+23
6.81e+06 1.40215e+23
6.82e+06 1.42294e+23
6.825e+06 1.37891e+23
6.83e+06 1.33308e+23
6.84e+06 1.24773e+23
6.85e+06 1.20743e+23
6.86e+06 1.18447e+23
6.87e+06 1.16754e+23
6.875e+06 1.16091e+23
6.88e+06 1.15427e+23
6.89e+06 1.14645e+23
6.9e+06 1.1412e+23
6.91e+06 1.13665e+23
6.92e+06 1.13312e+23
6.925e+06 1.13181e+23
6.93e+06 1.13144e+23
6.94e+06 1.13089e+23
6.95e+06 1.13049e+23
6.96e+06 1.13089e+23
6.97e+06 1.13241e+23
6.975e+06 1.1341e+23
6.98e+06 1.13627e+23
6.99e+06 1.14188e+23
7e+06 1.14814e+23
7.01e+06 1.1554e+23
7.02e+06 1.16164e+23
7.025e+06 1.16464e+23
7.03e+06 1.16771e+23
7.04e+06 1.17426e+23
7.05e+06 1.17947e+23
7.06e+06 1.18241e+23
7.07e+06 1.17953e+23
7.075e+06 1.17738e+23
7.08e+06 1.17563e+23
7.09e+06 1.17343e+23
7.1e+06 1.17156e+23
7.105e+06 1.17119e+23
7.11e+06 1.17114e+23
7.115e+06 1.17137e+23
7.12e+06 1.17185e+23
7.125e+06 1.17254e+23
7.13e+06 1.1732e+23
7.135e+06 1.17406e+23
7.14e+06 1.17539e+23
7.145e+06 1.17765e+23
7.15e+06 1.18066e+23
7.155e+06 1.18398e+23
7.16e+06 1.18931e+23
7.165e+06 1.19798e+23
7.17e+06 1.21071e+23
7.175e+06 1.22833e+23
7.18e+06 1.25441e+23
7.185e+06 1.28928e+23
7.19e+06 1.32956e+23
7.195e+06 1.37746e+23
7.2e+06 1.41293e+23
7.205e+06 1.40855e+23
7.21e+06 1.38866e+23
7.215e+06 1.36846e+23
7.22e+06 1.3479e+23
7.225e+06 1.33073e+23
7.23e+06 1.31449e+23
7.235e+06 1.29876e+23
7.24e+06 1.28428e+23
7.245e+06 1.27181e+23
7.25e+06 1.26202e+23
7.26e+06 1.25312e+23
7.27e+06 1.24789e+23
7.275e+06 1.24564e+23
7.28e+06 1.24377e+23
7.29e+06 1.24188e+23
7.3e+06 1.24369e+23
7.31e+06 1.23634e+23
7.32e+06 1.26139e+23
7.325e+06 1.26814e+23
7.33e+06 1.27416e+23
7.34e+06 1.26504e+23
7.35e+06 1.25371e+23
7.3533e+06 1.2492e+23
7.36e+06 1.23953e+23
7.37e+06 1.2032e+23
7.375e+06 1.22374e+23
7.38e+06 1.24413e+23
7.39e+06 1.2369e+23
7.4e+06 1.22965e+23
7.41e+06 1.22296e+23
7.42e+06 1.21705e+23
7.425e+06 1.21442e+23
7.43e+06 1.21131e+23
7.44e+06 1.20516e+23
7.45e+06 1.19937e+23
7.46e+06 1.19385e+23
7.47e+06 1.18876e+23
7.475e+06 1.18655e+23
7.48e+06 1.18349e+23
7.49e+06 1.17748e+23
7.5e+06 1.17279e+23
7.51e+06 1.17434e+23
7.52e+06 1.17518e+23
7.525e+06 1.17426e+23
7.53e+06 1.17373e+23
7.54e+06 1.1727e+23
7.55e+06 1.17088e+23
7.56e+06 1.16914e+23
7.5656e+06 1.16695e+23
7.56565e+06 1.16693e+23
7.57e+06 1.16699e+23
7.575e+06 1.1663e+23
7.58e+06 1.16432e+23
7.59e+06 1.16145e+23
7.6e+06 1.16028e+23
7.61e+06 1.16199e+23
7.6136e+06 1.16315e+23
7.62e+06 1.16521e+23
7.625e+06 1.16679e+23
7.63e+06 1.16943e+23
7.64e+06 1.17409e+23
7.65e+06 1.17866e+23
7.66e+06 1.18313e+23
7.67e+06 1.18761e+23
7.675e+06 1.19002e+23
7.68e+06 1.19225e+23
7.69e+06 1.19713e+23
7.7e+06 1.20217e+23
7.71e+06 1.20729e+23
7.72e+06 1.21232e+23
7.725e+06 1.21458e+23
7.73e+06 1.21747e+23
7.74e+06 1.22276e+23
7.75e+06 1.22772e+23
7.76e+06 1.2322e+23
7.77e+06 1.23619e+23
7.775e+06 1.23791e+23
7.78e+06 1.23951e+23
7.79e+06 1.24242e+23
7.8e+06 1.24555e+23
7.81e+06 1.24929e+23
7.82e+06 1.25349e+23
7.825e+06 1.25603e+23
7.83e+06 1.25633e+23
7.84e+06 1.25776e+23
7.85e+06 1.25972e+23
7.86e+06 1.26015e+23
7.87e+06 1.25648e+23
7.875e+06 1.25129e+23
7.88e+06 1.24491e+23
7.89e+06 1.22779e+23
7.9e+06 1.20894e+23
7.91e+06 1.19148e+23
7.92e+06 1.17326e+23
7.925e+06 1.16345e+23
7.93e+06 1.15339e+23
7.94e+06 1.13249e+23
7.95e+06 1.11169e+23
7.96e+06 1.09296e+23
7.97e+06 1.0773e+23
7.975e+06 1.07061e+23
7.98e+06 1.06435e+23
7.99e+06 1.05428e+23
8e+06 1.0469e+23
8.01e+06 1.04329e+23
8.02e+06 1.0417e+23
8.025e+06 1.04157e+23
8.03e+06 1.04251e+23
8.04e+06 1.04537e+23
8.05e+06 1.04942e+23
8.06e+06 1.05432e+23
8.07e+06 1.05991e+23
8.075e+06 1.06266e+23
8.08e+06 1.06705e+23
8.09e+06 1.07571e+23
8.1e+06 1.08432e+23
8.11e+06 1.09373e+23
8.12e+06 1.10335e+23
8.125e+06 1.10813e+23
8.13e+06 1.11389e+23
8.14e+06 1.12507e+23
8.15e+06 1.13558e+23
8.16e+06 1.14446e+23
8.17e+06 1.15244e+23
8.175e+06 1.15609e+23
8.18e+06 1.15946e+23
8.19e+06 1.16569e+23
8.2e+06 1.17146e+23
8.21e+06 1.17693e+23
8.22e+06 1.18203e+23
8.225e+06 1.1844e+23
8.23e+06 1.18639e+23
8.24e+06 1.18967e+23
8.25e+06 1.19175e+23
8.26e+06 1.19262e+23
8.27e+06 1.19258e+23
8.275e+06 1.19231e+23
8.28e+06 1.19151e+23
8.29e+06 1.18953e+23
8.3e+06 1.18714e+23
8.31e+06 1.18476e+23
8.32e+06 1.18157e+23
8.325e+06 1.17965e+23
8.33e+06 1.17738e+23
8.34e+06 1.17255e+23
8.35e+06 1.1678e+23
8.36e+06 1.1633e+23
8.37e+06 1.15882e+23
8.375e+06 1.15688e+23
8.38e+06 1.1536e+23
8.39e+06 1.14814e+23
8.4e+06 1.14341e+23
8.41e+06 1.13963e+23
8.42e+06 1.13608e+23
8.425e+06 1.13413e+23
8.43e+06 1.13242e+23
8.44e+06 1.12869e+23
8.45e+06 1.12491e+23
8.46e+06 1.12076e+23
8.47e+06 1.1165e+23
8.475e+06 1.11437e+23
8.48e+06 1.11213e+23
8.49e+06 1.1077e+23
8.5e+06 1.10366e+23
8.51e+06 1.10016e+23
8.52e+06 1.09759e+23
8.525e+06 1.09667e+23
8.53e+06 1.09565e+23
8.54e+06 1.09421e+23
8.55e+06 1.0933e+23
8.56e+06 1.09308e+23
8.57e+06 1.09345e+23
8.575e+06 1.09389e+23
8.58e+06 1.09473e+23
8.59e+06 1.09709e+23
8.6e+06 1.10035e+23
8.61e+06 1.10479e+23
8.62e+06 1.10986e+23
8.625e+06 1.11264e+23
8.63e+06 1.11536e+23
8.64e+06 1.12112e+23
8.65e+06 1.12718e+23
8.66e+06 1.13361e+23
8.67e+06 1.14031e+23
8.675e+06 1.14377e+23
8.68e+06 1.14735e+23
8.69e+06 1.15461e+23
8.7e+06 1.1619e+23
8.71e+06 1.16842e+23
8.72e+06 1.17406e+23
8.725e+06 1.17623e+23
8.73e+06 1.17848e+23
8.74e+06 1.18149e+23
8.745e+06 1.18228e+23
8.75e+06 1.18275e+23
8.76e+06 1.18196e+23
8.77e+06 1.17947e+23
8.775e+06 1.17717e+23
8.78e+06 1.17465e+23
8.79e+06 1.16783e+23
8.8e+06 1.16002e+23
8.81e+06 1.15152e+23
8.82e+06 1.14326e+23
8.825e+06 1.13935e+23
8.83e+06 1.13512e+23
8.84e+06 1.12707e+23
8.85e+06 1.11918e+23
8.86e+06 1.11134e+23
8.87e+06 1.10316e+23
8.875e+06 1.09899e+23
8.88e+06 1.09557e+23
8.89e+06 1.08831e+23
8.9e+06 1.08134e+23
8.91e+06 1.07513e+23
8.92e+06 1.07158e+23
8.925e+06 1.07121e+23
8.93e+06 1.07177e+23
8.94e+06 1.07307e+23
8.95e+06 1.07459e+23
8.96e+06 1.08369e+23
8.97e+06 1.08499e+23
8.975e+06 1.08541e+23
8.98e+06 1.08568e+23
8.99e+06 1.08892e+23
9e+06 1.09512e+23
9.02e+06 1.10519e+23
9.025e+06 1.11076e+23
9.04e+06 1.13169e+23
9.05e+06 1.14061e+23
9.06e+06 1.1294e+23
9.075e+06 1.11254e+23
9.08e+06 1.10632e+23
9.1e+06 1.09596e+23
9.12e+06 1.08421e+23
9.125e+06 1.08123e+23
9.136e+06 1.07483e+23
9.14e+06 1.07261e+23
9.15e+06 1.06736e+23
9.16e+06 1.06218e+23
9.175e+06 1.05472e+23
9.18e+06 1.05237e+23
9.2e+06 1.04421e+23
9.225e+06 1.03859e+23
9.248e+06 1.03538e+23
9.25e+06 1.03519e+23
9.275e+06 1.03401e+23
9.3e+06 1.03598e+23
9.325e+06 1.04407e+23
9.35e+06 1.05395e+23
9.375e+06 1.06169e+23
9.4e+06 1.06619e+23
9.425e+06 1.06008e+23
9.431e+06 1.05921e+23
9.43138e+06 1.0592e+23
9.4314e+06 1.0592e+23
9.4315e+06 1.0592e+23
9.45e+06 1.05862e+23
9.47e+06 1.05789e+23
9.475e+06 1.05771e+23
9.5e+06 1.05675e+23
9.508e+06 1.05645e+23
9.525e+06 1.05578e+23
9.55e+06 1.05477e+23
9.575e+06 1.05385e+23
9.6e+06 1.05308e+23
9.625e+06 1.0555e+23
9.65e+06 1.05919e+23
9.675e+06 1.06366e+23
9.676e+06 1.06387e+23
9.7e+06 1.06919e+23
9.72e+06 1.07308e+23
9.725e+06 1.07384e+23
9.74e+06 1.07604e+23
9.75e+06 1.07729e+23
9.76e+06 1.07853e+23
9.775e+06 1.07998e+23
9.78e+06 1.08034e+23
9.8e+06 1.07995e+23
9.825e+06 1.07594e+23
9.85e+06 1.07116e+23
9.875e+06 1.06578e+23
9.9e+06 1.06047e+23
9.925e+06 1.05694e+23
9.95e+06 1.05756e+23
9.975e+06 1.06165e+23
1e+07 1.06586e+23
